{
    "accuracy": 0.6865,
    "precision": 0.5675213675213675,
    "recall": 0.4702549575070821,
    "f1": 0.5143299767621998
}